1049797	2011-04-20 10:09:42	80166849	16.1	28	908.7	0.8	1.4	97	-2.39
1049798	2011-04-20 10:11:42	80166851	16.3	28	908.7	1.5	2.8	77	-2.22
1049800	2011-04-20 10:13:42	80166853	16	29	908.7	1.2	2.3	77	-2
1049799	2011-04-20 10:15:42	80166855	16.3	29	908.6	0.9	2.5	80	-1.74
1049801	2011-04-20 10:17:42	80166857	16.4	28	908.6	0.7	1.6	79	-2.13
1049802	2011-04-20 10:19:42	80166859	16.7	29	908.6	0.2	2	NULL	-1.4
1049803	2011-04-20 10:21:42	80166861	17.3	27	908.6	0.7	1.4	100	-1.85
1049805	2011-04-20 10:23:42	80166863	17.2	27	908.5	0.9	3.1	98	-1.94
1049804	2011-04-20 10:25:42	80166865	17.2	27	908.6	1.5	3.7	108	-1.94
1049806	2011-04-20 10:27:42	80166867	16.9	28	908.5	1.9	3.1	109	-1.7
1049807	2011-04-20 10:29:42	80166869	16.5	28	908.5	1.9	3.2	106	-2.05
1049808	2011-04-20 10:31:42	80166871	16.2	29	908.5	1.7	3.3	113	-1.83
1049810	2011-04-20 10:33:42	80166873	16.5	28	908.5	1.5	2.5	120	-2.05
1049809	2011-04-20 10:35:42	80166875	16.5	28	908.5	1.2	2.2	111	-2.05
1049811	2011-04-20 10:37:42	80166877	16.5	28	908.5	1.7	2.6	90	-2.05
1049812	2011-04-20 10:39:42	80166879	16.6	28	908.5	1.2	1.9	106	-1.96
1049813	2011-04-20 10:41:42	80166881	16.9	28	908.4	0.8	1.9	88	-1.7
1049815	2011-04-20 10:43:42	80166883	17.1	28	908.4	1.1	1.6	92	-1.53
1049814	2011-04-20 10:45:42	80166885	17.3	27	908.4	1.2	1.8	106	-1.85
1049816	2011-04-20 10:47:42	80166887	17.1	27	908.4	1.2	2.5	105	-2.02
1049817	2011-04-20 10:49:42	80166889	16.7	28	908.4	1.3	2.6	77	-1.87
1049818	2011-04-20 10:51:42	80166891	16.8	29	908.4	0.6	1.6	111	-1.31
1049819	2011-04-20 10:53:42	80166893	16.9	28	908.5	1.3	2	80	-1.7
1049821	2011-04-20 10:55:42	80166895	16.8	28	908.5	0.8	1.7	86	-1.79
1049820	2011-04-20 10:57:42	80166897	17.2	28	908.4	1	2.5	91	-1.45
1049822	2011-04-20 10:59:42	80166899	17.4	27	908.4	1.2	2.4	108	-1.77
1049823	2011-04-20 11:01:42	80166901	17.3	27	908.4	2.1	3.7	115	-1.85
1049824	2011-04-20 11:03:42	80166903	17.4	27	908.4	1.3	2.8	115	-1.77
1049826	2011-04-20 11:05:42	80166905	17.7	26	908.4	2	3.7	117	-2.02
1049825	2011-04-20 11:07:42	80166907	17.6	27	908.4	1.7	3.6	116	-1.6
1049827	2011-04-20 11:09:42	80166909	17.8	26	908.3	1.6	3.3	119	-1.94
1049828	2011-04-20 11:11:42	80166911	18.3	26	908.3	1.5	3.3	110	-1.51
1049829	2011-04-20 11:13:42	80166913	18.2	25	908.3	1.4	2.8	98	-2.13
1049831	2011-04-20 11:15:42	80166915	17.9	26	908.3	1.8	2.8	115	-1.85
1049830	2011-04-20 11:17:42	80166917	17.9	26	908.3	0.7	1.7	112	-1.85
1049832	2011-04-20 11:19:42	80166919	18.2	25	908.2	1.6	2.6	111	-2.13
1049833	2011-04-20 11:21:42	80166921	18.6	25	908.2	1.4	2.5	114	-1.79
1049834	2011-04-20 11:23:42	80166923	18.4	25	908.2	2.2	4	115	-1.96
1049836	2011-04-20 11:25:42	80166925	18.2	26	908.2	1.4	3.1	115	-1.6
1049835	2011-04-20 11:27:42	80166927	18.7	25	908.1	1.7	2.8	104	-1.7
1049837	2011-04-20 11:29:42	80166929	18.9	24	908.1	2	3.6	117	-2.09
1049838	2011-04-20 11:31:42	80166931	18.6	24	908.1	1.5	3.2	98	-2.34
1049839	2011-04-20 11:33:42	80166933	18.3	25	908.1	1.8	4	93	-2.04
1049841	2011-04-20 11:35:42	80166935	18	25	908.1	1.4	3	90	-2.3
1049840	2011-04-20 11:37:42	80166937	18.1	26	908	1.7	3.6	99	-1.68
1049842	2011-04-20 11:39:42	80166939	18.4	25	908	2.2	3.8	116	-1.96
1049843	2011-04-20 11:41:42	80166941	17.9	26	908	1.9	3.3	111	-1.85
1049844	2011-04-20 11:43:42	80166943	18.2	25	908	1.4	2.9	112	-2.13
1049846	2011-04-20 11:45:42	80166945	18.6	25	908	1.3	2.5	112	-1.79
1049845	2011-04-20 11:47:42	80166947	18.8	24	907.9	0.9	2.4	112	-2.17
1049847	2011-04-20 11:49:42	80166949	19.2	23	907.9	0.7	1.8	119	-2.41
1049848	2011-04-20 11:51:42	80166951	19.3	23	907.8	1.9	3.8	113	-2.32
1049849	2011-04-20 11:53:42	80166953	19.2	24	907.8	1.4	2.4	116	-1.83
1049851	2011-04-20 11:55:42	80166955	19.1	23	907.8	1.8	4.3	109	-2.49
1049850	2011-04-20 11:57:42	80166957	18.5	24	907.8	1.7	3.7	114	-2.42
1049852	2011-04-20 11:59:42	80166959	18.7	24	907.7	1.2	2.5	111	-2.25
1049853	2011-04-20 12:01:42	80166961	19	24	907.7	1.6	4.4	96	-2
1049854	2011-04-20 12:03:42	80166963	18.9	24	907.7	1.5	2.3	117	-2.09
1049856	2011-04-20 12:05:42	80166965	18.7	24	907.7	0.8	1.8	91	-2.25
1049855	2011-04-20 12:07:42	80166967	18.8	24	907.7	0.8	1.7	88	-2.17
1049857	2011-04-20 12:09:42	80166969	18.9	24	907.6	1.5	2.8	119	-2.09
1049858	2011-04-20 12:11:42	80166971	18.7	24	907.6	1.5	2.8	113	-2.25
1049859	2011-04-20 12:13:42	80166973	18.6	24	907.6	1.6	3.7	108	-2.34
1049861	2011-04-20 12:15:42	80166975	18.5	24	907.6	1.1	3.5	107	-2.42
1049860	2011-04-20 12:17:42	80166977	18.4	24	907.5	2.4	4.8	116	-2.51
1049862	2011-04-20 12:19:42	80166979	18.3	24	907.5	1.7	2.8	108	-2.59
1049863	2011-04-20 12:21:42	80166981	18.6	24	907.5	1.6	2.5	111	-2.34
1049864	2011-04-20 12:23:42	80166983	18.7	24	907.5	1.4	3.4	100	-2.25
1049865	2011-04-20 12:25:42	80166985	19	23	907.5	1	2.5	111	-2.58
1049867	2011-04-20 12:27:42	80166987	19.3	22	907.5	1.1	2.7	111	-2.92
1049866	2011-04-20 12:29:42	80166989	19.5	22	907.4	1.4	2.1	116	-2.75
1049868	2011-04-20 12:31:42	80166991	19.9	22	907.4	1.3	2.5	91	-2.42
1049869	2011-04-20 12:33:42	80166993	20.4	21	907.4	0.9	2.1	113	-2.63
1049870	2011-04-20 12:35:42	80166995	20.3	21	907.3	1.3	2.9	87	-2.71
1049872	2011-04-20 12:37:42	80166997	20.5	21	907.4	0.9	3	91	-2.55
1049871	2011-04-20 12:39:42	80166999	20.5	20	907.3	2.1	3.4	106	-3.2
1049873	2011-04-20 12:41:42	80167001	19.9	19	907.3	2.8	4.7	117	-4.38
1049874	2011-04-20 12:43:42	80167003	19.6	20	907.3	2.5	5.3	117	-3.94
1049875	2011-04-20 12:45:42	80167005	19.5	20	907.2	2.5	3.8	116	-4.03
1049877	2011-04-20 12:47:42	80167007	19.7	21	907.2	1.5	2.9	94	-3.21
1049876	2011-04-20 12:49:42	80167009	20	21	907.1	1.1	1.7	102	-2.96
1049878	2011-04-20 12:51:42	80167011	20.2	20	907.2	2.6	5.2	117	-3.45
1049879	2011-04-20 12:53:42	80167013	19.6	21	907.2	2.8	4.2	116	-3.29
1049880	2011-04-20 12:55:42	80167015	19.3	22	907.2	2.5	4.3	115	-2.92
1049882	2011-04-20 12:57:42	80167017	19.2	21	907.1	2.5	4.5	116	-3.63
1049881	2011-04-20 12:59:42	80167019	19.2	22	907.1	1.5	3.1	110	-3
1049883	2011-04-20 13:01:42	80167021	19.8	21	907.1	1.4	3.1	111	-3.13
1049884	2011-04-20 13:03:42	80167023	20	20	907	2.3	5.2	116	-3.61
1049885	2011-04-20 13:05:42	80167025	19.8	19	907	2	4.8	117	-4.46
1049887	2011-04-20 13:07:42	80167027	20.2	18	907	2.2	3.6	114	-4.85
1049886	2011-04-20 13:09:42	80167029	20.2	18	907	2.3	4.1	114	-4.85
1049888	2011-04-20 13:11:42	80167031	20.3	18	907	1.9	5	113	-4.77
1049889	2011-04-20 13:13:42	80167033	20.5	18	907	1.9	3.3	113	-4.6
1049890	2011-04-20 13:15:42	80167035	20.4	18	907	1.2	3.3	114	-4.68
1049892	2011-04-20 13:17:42	80167037	20.4	18	906.9	2.1	4.5	114	-4.68
1049891	2011-04-20 13:19:42	80167039	20.7	18	906.9	1.6	2.7	120	-4.44
1049893	2011-04-20 13:21:42	80167041	20.6	18	906.9	2.4	4.2	116	-4.52
1049894	2011-04-20 13:23:42	80167043	20.4	18	906.9	2.4	4.4	117	-4.68
1049895	2011-04-20 13:25:42	80167045	20.8	19	906.9	1.3	2.1	113	-3.64
1049897	2011-04-20 13:27:42	80167047	20.9	20	906.9	2	3.3	114	-2.87
1049896	2011-04-20 13:29:42	80167049	20.4	22	906.9	2	4	115	-2
1049898	2011-04-20 13:31:42	80167051	20.1	23	906.9	1.9	3.4	117	-1.65
1049899	2011-04-20 13:33:42	80167053	19.6	25	906.9	2.2	4	115	-0.94
1049900	2011-04-20 13:35:42	80167055	19.2	26	906.9	2.4	3.6	119	-0.75
1049902	2011-04-20 13:37:42	80167057	19	26	906.9	2.1	3.8	117	-0.92
1049901	2011-04-20 13:39:42	80167059	18.9	27	906.8	1.7	2.8	110	-0.48
1049903	2011-04-20 13:41:42	80167061	19.6	26	906.8	1.1	2.3	113	-0.4
1049904	2011-04-20 13:43:42	80167063	19.9	25	906.9	2.4	4.4	115	-0.69
1049905	2011-04-20 13:45:42	80167065	19.6	25	906.8	2.6	4.5	118	-0.94
1049907	2011-04-20 13:47:42	80167067	19.4	20	906.9	2.8	4.8	114	-4.11
1049906	2011-04-20 13:49:42	80167069	19.4	20	906.8	3.6	5.9	114	-4.11
1049908	2011-04-20 13:51:42	80167071	19.6	20	906.8	4	6.3	115	-3.94
1049909	2011-04-20 13:53:42	80167073	19.5	21	906.8	4.2	6.9	115	-3.38
1049910	2011-04-20 13:55:42	80167075	19.3	21	906.8	4.1	6.8	113	-3.54
1049912	2011-04-20 13:57:42	80167077	19.5	19	906.7	3.4	6	117	-4.71
1049911	2011-04-20 13:59:42	80167079	20.2	19	906.7	1.7	3.6	116	-4.13
1049913	2011-04-20 14:01:42	80167081	20.6	18	906.7	2.1	5.9	116	-4.52
1049914	2011-04-20 14:03:42	80167083	20.8	18	906.7	1.9	5.1	110	-4.36
1049915	2011-04-20 14:05:42	80167085	20.7	17	906.7	2.7	6.3	116	-5.19
1049916	2011-04-20 14:07:42	80167087	20.5	18	906.7	2	3.7	115	-4.6
1049918	2011-04-20 14:09:42	80167089	20.8	18	906.7	1.7	3.3	113	-4.36
1049917	2011-04-20 14:11:42	80167091	20.8	20	906.7	2.1	3.9	115	-2.95
1049919	2011-04-20 14:13:42	80167093	20.3	20	906.7	2.4	4.5	110	-3.37
1049920	2011-04-20 14:15:42	80167095	20.2	21	906.7	1.7	3.6	108	-2.8
1049921	2011-04-20 14:17:42	80167097	20.3	21	906.7	1.5	4.6	99	-2.71
1049923	2011-04-20 14:19:42	80167099	20.5	21	906.7	1.7	3.5	113	-2.55
1049922	2011-04-20 14:21:42	80167101	20.4	19	906.7	2.6	6	113	-3.97
1049924	2011-04-20 14:23:42	80167103	20.4	18	906.7	1.9	4.2	117	-4.68
1049925	2011-04-20 14:25:42	80167105	20.5	18	906.7	1.9	3.9	115	-4.6
1049926	2011-04-20 14:27:42	80167107	20.6	19	906.7	1.8	2.9	115	-3.8
1049928	2011-04-20 14:29:42	80167109	20.6	20	906.7	1.8	3.3	116	-3.12
1049927	2011-04-20 14:31:42	80167111	20.7	20	906.7	1.6	3.2	111	-3.04
1049929	2011-04-20 14:33:42	80167113	20.7	19	906.7	2.3	3.9	116	-3.72
1049930	2011-04-20 14:35:42	80167115	20.5	19	906.7	2.5	6.8	116	-3.89
1049931	2011-04-20 14:37:42	80167117	19.7	20	906.7	3.3	4.7	118	-3.86
1049933	2011-04-20 14:39:42	80167119	19.4	20	906.7	2.2	3.9	115	-4.11
1049932	2011-04-20 14:41:42	80167121	19.5	20	906.7	1.6	3.3	108	-4.03
1049934	2011-04-20 14:43:42	80167123	19.5	21	906.7	1.6	3.6	113	-3.38
1049935	2011-04-20 14:45:42	80167125	19.6	23	906.7	1.5	2.6	113	-2.07
1049936	2011-04-20 14:47:42	80167127	19.6	21	906.7	1.4	2.7	116	-3.29
1049938	2011-04-20 14:49:42	80167129	19.5	22	906.7	2	5.2	114	-2.75
1049937	2011-04-20 14:51:42	80167131	19.6	22	906.7	1.4	3.2	116	-2.67
1049939	2011-04-20 14:53:42	80167133	19.9	21	906.7	1	1.9	106	-3.05
1049940	2011-04-20 14:55:42	80167135	19.7	22	906.7	2.3	4.9	115	-2.59
1049941	2011-04-20 14:57:42	80167137	19.3	21	906.7	2.6	5.1	117	-3.54
1049943	2011-04-20 14:59:42	80167139	19.5	23	906.7	1.6	3.8	113	-2.16
1049942	2011-04-20 15:01:42	80167141	19.2	23	906.6	2.6	5.1	116	-2.41
1049944	2011-04-20 15:03:42	80167143	19	23	906.6	2.5	4.7	115	-2.58
1049945	2011-04-20 15:05:42	80167145	18.8	22	906.6	4	7.3	118	-3.34
1049946	2011-04-20 15:07:42	80167147	18.7	22	906.6	2.5	6.1	115	-3.42
1049948	2011-04-20 15:09:42	80167149	18.5	22	906.5	3.5	5.2	117	-3.59
1049947	2011-04-20 15:11:42	80167151	18.4	23	906.5	4	7.1	113	-3.08
1049949	2011-04-20 15:13:42	80167153	18.5	23	906.5	3.3	6.3	114	-2.99
1049950	2011-04-20 15:15:42	80167155	18.3	23	906.5	4.1	6.9	116	-3.16
1049951	2011-04-20 15:17:42	80167157	18.1	26	906.5	3.3	5.6	117	-1.68
1049953	2011-04-20 15:19:42	80167159	17.7	29	906.5	2.5	4.9	111	-0.54
1049952	2011-04-20 15:21:42	80167161	17.7	28	906.6	2.6	5.1	116	-1.02
1049954	2011-04-20 15:23:42	80167163	17.8	25	906.6	3.2	6.5	117	-2.47
1049955	2011-04-20 15:25:42	80167165	17.9	29	906.6	2.5	4.6	115	-0.36
1049956	2011-04-20 15:27:42	80167167	17.6	30	906.6	2.7	4.1	116	-0.16
1049959	2011-04-20 15:29:42	80167169	17.2	27	906.6	2.4	3.9	113	-1.94
1049958	2011-04-20 15:31:42	80167171	17.3	31	906.6	2.5	4.9	117	0.03
1049957	2011-04-20 15:33:42	80167173	17.1	31	906.6	2.9	5.4	117	-0.14
1049960	2011-04-20 15:35:42	80167175	16.9	31	906.6	1.9	2.9	116	-0.32
1049961	2011-04-20 15:37:42	80167177	16.9	32	906.6	2.5	4.1	118	0.12
1049962	2011-04-20 15:39:42	80167179	16.7	32	906.5	3.1	4.8	112	-0.06
1049964	2011-04-20 15:41:42	80167181	16.6	32	906.5	2.9	4.4	98	-0.14
1049963	2011-04-20 15:43:42	80167183	16.7	32	906.5	2.1	3.4	111	-0.06
1049965	2011-04-20 15:45:42	80167185	16.8	32	906.5	2	4	114	0.03
1049966	2011-04-20 15:47:42	80167187	16.8	32	906.6	1.9	3.4	117	0.03
1049967	2011-04-20 15:49:42	80167189	16.8	32	906.5	2.1	3.3	115	0.03
1049969	2011-04-20 15:51:42	80167191	16.9	32	906.5	1.9	2.9	116	0.12
1049968	2011-04-20 15:53:42	80167193	16.9	32	906.5	2.8	3.8	106	0.12
1049970	2011-04-20 15:55:42	80167195	16.7	33	906.5	2.9	3.8	110	0.37
1049971	2011-04-20 15:57:42	80167197	16.6	33	906.5	2.3	3.5	118	0.28
1049972	2011-04-20 15:59:42	80167199	16.5	33	906.5	3	4.8	116	0.19
1049973	2011-04-20 16:01:42	80167201	16.3	33	906.5	3.4	4.8	118	0.02
1049974	2011-04-20 16:03:42	80167203	16.2	34	906.5	3.4	4.9	113	0.34
1049976	2011-04-20 16:05:42	80167205	16.2	33	906.5	3.1	4.6	117	-0.07
1049975	2011-04-20 16:07:42	80167207	16.3	34	906.6	2.9	4.5	110	0.43
1049977	2011-04-20 16:09:42	80167209	16.3	33	906.6	2.6	4.1	119	0.02
1049979	2011-04-20 16:11:42	80167211	16.2	34	906.6	2.8	4.3	116	0.34
1049978	2011-04-20 16:13:42	80167213	16.2	33	906.6	2.4	3.8	119	-0.07
1049980	2011-04-20 16:15:42	80167215	16.2	33	906.5	2.3	3.8	115	-0.07
1049981	2011-04-20 16:17:42	80167217	16.2	32	906.4	3	4.2	107	-0.49
1049982	2011-04-20 16:19:42	80167219	16.4	30	906.4	1.9	4	117	-1.2
1049984	2011-04-20 16:21:42	80167221	16.5	32	906.4	2.4	4.8	114	-0.23
1049983	2011-04-20 16:23:42	80167223	16.6	31	906.5	2.2	4	112	-0.58
1049985	2011-04-20 16:25:42	80167225	16.8	31	906.5	2.6	4.1	116	-0.4
1049986	2011-04-20 16:27:42	80167227	16.8	30	906.5	2.2	3.8	109	-0.85
1049987	2011-04-20 16:29:42	80167229	16.9	27	906.5	3.3	5.9	116	-2.19
1049989	2011-04-20 16:31:42	80167231	16.9	28	906.5	3.5	5.9	116	-1.7
1049988	2011-04-20 16:33:42	80167233	16.8	28	906.5	3.2	7	118	-1.79
1049990	2011-04-20 16:35:42	80167235	16.8	28	906.5	2.9	5.1	117	-1.79
1049991	2011-04-20 16:37:42	80167237	16.7	30	906.4	3.5	5.8	110	-0.94
1049992	2011-04-20 16:39:42	80167239	16.6	27	906.5	3.6	5.3	114	-2.45
1049994	2011-04-20 16:41:42	80167241	16.8	26	906.5	2.7	5.6	117	-2.79
1049993	2011-04-20 16:43:42	80167243	16.7	26	906.5	2.6	6	114	-2.87
1049995	2011-04-20 16:45:42	80167245	16.8	26	906.5	1.9	3.8	117	-2.79
1049996	2011-04-20 16:47:42	80167247	16.8	26	906.5	2.7	4.9	116	-2.79
1049997	2011-04-20 16:49:42	80167249	16.7	26	906.5	1.9	3.8	112	-2.87
1049999	2011-04-20 16:51:42	80167251	16.8	27	906.5	2.4	4.1	116	-2.28
1049998	2011-04-20 16:53:42	80167253	16.7	26	906.5	2.8	4.1	116	-2.87
1050000	2011-04-20 16:55:42	80167255	16.7	27	906.6	1.7	2.9	105	-2.37
1050001	2011-04-20 16:57:42	80167257	16.7	27	906.5	1.8	4.4	113	-2.37
1050002	2011-04-20 16:59:42	80167259	16.6	31	906.6	2.4	3.4	118	-0.58
1050004	2011-04-20 17:01:42	80167261	16.2	32	906.6	2.2	3.3	114	-0.49
1050003	2011-04-20 17:03:42	80167263	16.1	32	906.6	1.5	2.5	113	-0.58
1050005	2011-04-20 17:05:42	80167265	15.9	34	906.6	2	3.6	113	0.08
1050006	2011-04-20 17:07:42	80167267	15.8	34	906.6	1.7	3	116	-0.01
1050007	2011-04-20 17:09:42	80167269	15.6	35	906.6	2	3	116	0.21
1050008	2011-04-20 17:11:42	80167271	15.6	35	906.5	2.2	3.3	116	0.21
1050010	2011-04-20 17:13:42	80167273	15.5	35	906.5	1.4	2.4	106	0.12
1050009	2011-04-20 17:15:42	80167275	15.5	35	906.5	2.3	4.6	111	0.12
1050011	2011-04-20 17:17:42	80167277	15.4	35	906.4	2	3.5	99	0.04
1050012	2011-04-20 17:19:42	80167279	15.4	35	906.4	1.6	2.8	91	0.04
1050013	2011-04-20 17:21:42	80167281	15.4	36	906.5	1.2	2.9	103	0.42
1050015	2011-04-20 17:23:42	80167283	15.3	36	906.4	0.7	1.8	90	0.34
1050014	2011-04-20 17:25:42	80167285	15.3	36	906.5	0.9	1.9	97	0.34
1050016	2011-04-20 17:27:42	80167287	15.3	36	906.5	1.5	2.8	115	0.34
1050017	2011-04-20 17:29:42	80167289	15.2	36	906.4	0.9	3.2	89	0.25
1050018	2011-04-20 17:31:42	80167291	15.1	37	906.4	0.8	2.1	81	0.54
1050020	2011-04-20 17:33:42	80167293	15.1	37	906.4	1.1	2.9	102	0.54
1050019	2011-04-20 17:35:42	80167295	15	37	906.4	1.7	3	108	0.45
1050021	2011-04-20 17:37:42	80167297	15	37	906.4	2.2	3.3	113	0.45
1050022	2011-04-20 17:39:42	80167299	14.9	37	906.4	1.8	2.9	101	0.36
1050023	2011-04-20 17:41:42	80167301	14.9	38	906.4	1.9	3.1	109	0.73
1050025	2011-04-20 17:43:42	80167303	14.8	38	906.4	2.3	3.5	113	0.64
1050024	2011-04-20 17:45:42	80167305	14.7	39	906.4	2.2	3.2	117	0.91
1050026	2011-04-20 17:47:42	80167307	14.7	39	906.4	2.3	3.5	116	0.91
1050027	2011-04-20 17:49:42	80167309	14.6	39	906.4	2.2	3.7	110	0.82
1050028	2011-04-20 17:51:42	80167311	14.5	40	906.4	2.5	3.9	115	1.08
1050030	2011-04-20 17:53:42	80167313	14.5	40	906.4	1.9	4.4	103	1.08
1050029	2011-04-20 17:55:42	80167315	14.4	40	906.5	1.8	2.9	112	0.99
1050031	2011-04-20 17:57:42	80167317	14.4	41	906.5	2.2	3.6	114	1.33
1050032	2011-04-20 17:59:42	80167319	14.3	41	906.5	2	3.1	116	1.24
1050033	2011-04-20 18:01:42	80167321	14.3	41	906.5	2.4	3.5	117	1.24
1050035	2011-04-20 18:03:42	80167323	14.3	41	906.5	1.4	2.5	110	1.24
1050034	2011-04-20 18:05:42	80167325	14.3	41	906.6	2.1	3.9	113	1.24
1050036	2011-04-20 18:07:42	80167327	14.2	42	906.6	1.3	2.6	111	1.49
1050037	2011-04-20 18:09:42	80167329	14.2	42	906.6	1.7	3.3	108	1.49
1050038	2011-04-20 18:11:42	80167331	14.2	42	906.5	1.7	3.6	95	1.49
1050040	2011-04-20 18:13:42	80167333	14.1	42	906.5	1.9	3.1	109	1.4
1050039	2011-04-20 18:15:42	80167335	14.2	41	906.5	2.6	4	116	1.15
1050053	2011-04-20 18:17:42	80167337	14.2	41	906.6	1.9	2.7	115	1.15
1050052	2011-04-20 18:19:42	80167339	14.3	40	906.5	2.3	3.5	113	0.9
1050051	2011-04-20 18:21:42	80167341	14.3	40	906.6	1.4	2.3	110	0.9
1050050	2011-04-20 18:23:42	80167343	14.4	40	906.7	1.8	3.2	110	0.99
1050049	2011-04-20 18:25:42	80167345	14.3	40	906.7	1.8	2.8	110	0.9
1050048	2011-04-20 18:27:42	80167347	14.3	40	906.7	1.8	3.2	118	0.9
1050047	2011-04-20 18:29:42	80167349	14.4	40	906.7	1	1.5	112	0.99
1050046	2011-04-20 18:31:42	80167351	14.3	40	906.8	1.1	1.7	108	0.9
1050045	2011-04-20 18:33:42	80167353	14.3	40	906.7	1.4	3.2	112	0.9
1050044	2011-04-20 18:35:42	80167355	14.4	39	906.8	1.5	2.3	101	0.64
1050043	2011-04-20 18:37:42	80167357	14.5	39	906.8	1.4	2.1	102	0.73
1050042	2011-04-20 18:39:42	80167359	14.4	40	906.7	1.6	2.4	88	0.99
1050041	2011-04-20 18:41:42	80167361	14.4	40	906.8	1.6	2.6	86	0.99
1050054	2011-04-20 18:43:42	80167363	14.4	40	906.8	1.4	1.6	99	0.99
1050056	2011-04-20 18:45:42	80167365	14.3	40	906.8	1.2	1.6	94	0.9
1050055	2011-04-20 18:47:42	80167367	14.3	40	906.8	1.5	2.6	90	0.9
1050057	2011-04-20 18:49:42	80167369	14.3	40	906.8	1.5	1.9	97	0.9
1050058	2011-04-20 18:51:42	80167371	14.3	39	906.9	1.2	2.1	105	0.55
1050059	2011-04-20 18:53:42	80167373	14.4	39	906.9	1.2	1.7	107	0.64
1050061	2011-04-20 18:55:42	80167375	14.4	39	906.9	0.9	1.4	93	0.64
1050060	2011-04-20 18:57:42	80167377	14.4	39	906.9	1.2	2	97	0.64
1050062	2011-04-20 18:59:42	80167379	14.3	40	907	1.6	2.2	107	0.9
1050063	2011-04-20 19:01:42	80167381	14.3	40	907	1.8	2.5	106	0.9
1050064	2011-04-20 19:03:42	80167383	14.4	39	907	1.8	2.5	110	0.64
1050066	2011-04-20 19:05:42	80167385	14.4	39	907	1.4	2.3	112	0.64
1050065	2011-04-20 19:07:42	80167387	14.4	40	907	1.5	2.9	104	0.99
1050067	2011-04-20 19:09:42	80167389	14.3	40	907.1	1.1	2.4	108	0.9
1050068	2011-04-20 19:11:42	80167391	14.3	40	907.1	1.4	3.1	106	0.9
1050069	2011-04-20 19:13:42	80167393	14.3	40	907.1	1.6	2.8	105	0.9
1050071	2011-04-20 19:15:42	80167395	14.4	40	907.2	1.9	3.4	105	0.99
1050070	2011-04-20 19:17:42	80167397	14.3	40	907.2	1.3	2.3	116	0.9
1050072	2011-04-20 19:19:42	80167399	14.2	40	907.2	1.3	1.9	114	0.81
1050073	2011-04-20 19:21:42	80167401	14.2	40	907.2	2.1	3.4	102	0.81
1050074	2011-04-20 19:23:42	80167403	14.2	40	907.2	1.9	2.7	111	0.81
1050076	2011-04-20 19:25:42	80167405	14.2	40	907.3	1.7	2.6	112	0.81
1050075	2011-04-20 19:27:42	80167407	14.2	40	907.3	1.9	3	112	0.81
1050077	2011-04-20 19:29:42	80167409	14.1	41	907.3	2	3.2	95	1.06
1050078	2011-04-20 19:31:42	80167411	14	41	907.3	1.5	2.8	98	0.97
1050079	2011-04-20 19:33:42	80167413	14	41	907.4	1.8	3	106	0.97
1050081	2011-04-20 19:35:42	80167415	14	41	907.5	1.5	3.1	101	0.97
1050080	2011-04-20 19:37:42	80167417	13.9	41	907.5	1.3	2.6	104	0.88
1050082	2011-04-20 19:39:42	80167419	14	41	907.6	2	3.4	104	0.97
1050083	2011-04-20 19:41:42	80167421	14	41	907.6	1.9	3.5	102	0.97
1050084	2011-04-20 19:43:42	80167423	14.1	41	907.7	2.7	4	93	1.06
1050086	2011-04-20 19:45:42	80167425	14.1	41	907.7	2.4	3.7	103	1.06
1050085	2011-04-20 19:47:42	80167427	14.1	41	907.7	2.2	3.7	96	1.06
1050087	2011-04-20 19:49:42	80167429	14.1	41	907.7	2	3	97	1.06
1050088	2011-04-20 19:51:42	80167431	14.1	41	907.8	1.6	2.9	108	1.06
1050089	2011-04-20 19:53:42	80167433	14	41	907.8	1.5	2.8	110	0.97
1050091	2011-04-20 19:55:42	80167435	14	41	907.8	1.6	3.5	101	0.97
1050090	2011-04-20 19:57:42	80167437	14	42	907.9	1.5	3.1	106	1.31
1050092	2011-04-20 19:59:42	80167439	13.9	42	907.9	1.7	3.9	94	1.22
1050093	2011-04-20 20:01:42	80167441	13.9	42	908	1.9	4.3	98	1.22
1050094	2011-04-20 20:03:42	80167443	13.9	42	908.1	1.2	3.1	87	1.22
1050095	2011-04-20 20:05:42	80167445	13.8	42	908.1	1.3	2.5	77	1.13
1050097	2011-04-20 20:07:42	80167447	13.7	43	908.1	0.9	2	94	1.36
1050096	2011-04-20 20:09:42	80167449	13.6	43	908.1	1	2.5	81	1.27
1050098	2011-04-20 20:11:42	80167451	13.6	43	908.1	1.4	2.6	88	1.27
1050099	2011-04-20 20:13:42	80167453	13.6	44	908.2	1.9	3.1	80	1.59
1050100	2011-04-20 20:15:42	80167455	13.6	43	908.2	2.1	3.8	88	1.27
1050102	2011-04-20 20:17:42	80167457	13.6	44	908.3	2.2	4.1	85	1.59
1050101	2011-04-20 20:19:42	80167459	13.5	44	908.3	2.1	3.8	86	1.5
1050103	2011-04-20 20:21:42	80167461	13.5	44	908.3	2.5	3.7	88	1.5
1050104	2011-04-20 20:23:42	80167463	13.4	44	908.4	2.2	3.6	96	1.41
1050105	2011-04-20 20:25:42	80167465	13.5	44	908.4	3	5.1	88	1.5
1050107	2011-04-20 20:27:42	80167467	13.6	44	908.4	2.3	4.3	87	1.59
1050106	2011-04-20 20:29:42	80167469	13.6	43	908.4	2	3.4	95	1.27
1050108	2011-04-20 20:31:42	80167471	13.6	43	908.5	1.7	3.4	84	1.27
1050109	2011-04-20 20:33:42	80167473	13.6	43	908.5	2.3	4.6	81	1.27
1050110	2011-04-20 20:35:42	80167475	13.5	43	908.5	2.1	3.8	94	1.18
1050112	2011-04-20 20:37:42	80167477	13.6	43	908.5	2.1	3.8	84	1.27
1050111	2011-04-20 20:39:42	80167479	13.5	44	908.6	2.4	4	83	1.5
1050113	2011-04-20 20:41:42	80167481	13.5	44	908.6	2.7	4.6	85	1.5
1050114	2011-04-20 20:43:42	80167483	13.5	44	908.7	2.6	3.7	89	1.5
1050115	2011-04-20 20:45:42	80167485	13.5	44	908.8	2.2	3.6	86	1.5
1050117	2011-04-20 20:47:42	80167487	13.5	44	908.8	2.3	4.1	93	1.5
1050116	2011-04-20 20:49:42	80167489	13.5	44	908.8	2	3.1	92	1.5
1050118	2011-04-20 20:51:42	80167491	13.5	44	908.7	2.3	4.3	86	1.5
1050119	2011-04-20 20:53:42	80167493	13.5	44	908.8	2.6	3.9	83	1.5
1050120	2011-04-20 20:55:42	80167495	13.4	44	908.8	2.2	3.8	92	1.41
1050122	2011-04-20 20:57:42	80167497	13.3	44	908.7	2.9	4.8	89	1.32
1050121	2011-04-20 20:59:42	80167499	13.3	44	908.8	2	3.3	89	1.32
1050123	2011-04-20 21:01:42	80167501	13.3	45	908.8	2.1	3	85	1.63
1050124	2011-04-20 21:03:42	80167503	13.2	45	908.8	1.6	3.1	84	1.54
1050125	2011-04-20 21:05:42	80167505	13.1	45	908.8	1.8	2.7	79	1.45
1050127	2011-04-20 21:07:42	80167507	13.1	45	908.8	1.9	2.9	81	1.45
1050126	2011-04-20 21:09:42	80167509	13.1	45	908.8	1.6	2.7	90	1.45
1050128	2011-04-20 21:11:42	80167511	13	46	908.9	1.6	2.7	80	1.67
1050129	2011-04-20 21:13:42	80167513	13	46	908.9	2.1	3.3	78	1.67
1050130	2011-04-20 21:15:42	80167515	12.9	46	908.9	2.4	3.7	80	1.57
1050132	2011-04-20 21:17:42	80167517	12.9	46	908.9	2.1	3.2	88	1.57
1050131	2011-04-20 21:19:42	80167519	12.9	46	908.9	2.1	3.8	82	1.57
1050133	2011-04-20 21:21:42	80167521	12.9	46	908.8	3	5	84	1.57
1050134	2011-04-20 21:23:42	80167523	12.9	46	908.9	2.3	4.7	86	1.57
1050135	2011-04-20 21:25:42	80167525	12.9	46	908.9	2.7	4.3	79	1.57
1050136	2011-04-20 21:27:42	80167527	12.9	47	908.9	2.1	3.9	84	1.87
1050138	2011-04-20 21:29:42	80167529	12.8	47	909	1.8	3.7	78	1.78
1050137	2011-04-20 21:31:42	80167531	12.8	47	909	1.9	3.3	77	1.78
1050139	2011-04-20 21:33:42	80167533	12.8	47	909.1	2.1	3.9	79	1.78
1050140	2011-04-20 21:35:42	80167535	12.8	47	909.1	1.7	3.3	74	1.78
1050141	2011-04-20 21:37:42	80167537	12.8	47	909.1	1.8	4.1	80	1.78
1050143	2011-04-20 21:39:42	80167539	12.7	47	909.1	2.2	4.4	73	1.69
1050142	2011-04-20 21:41:42	80167541	12.8	47	909.1	2.5	4.1	78	1.78
1050144	2011-04-20 21:43:42	80167543	12.8	47	909.1	2.1	4.1	76	1.78
1050145	2011-04-20 21:45:42	80167545	12.8	46	909.1	2.2	4	78	1.48
1050146	2011-04-20 21:47:42	80167547	12.8	46	909	1.8	3.9	82	1.48
1050148	2011-04-20 21:49:42	80167549	12.8	46	909.1	2.4	4.1	75	1.48
1050147	2011-04-20 21:51:42	80167551	12.9	46	909.1	2.2	3.9	80	1.57
1050149	2011-04-20 21:53:42	80167553	12.9	46	909.1	2.6	4.8	80	1.57
1050150	2011-04-20 21:55:42	80167555	12.9	46	909.1	2.5	4	75	1.57
1050151	2011-04-20 21:57:42	80167557	12.9	46	909.1	2.6	4.2	81	1.57
1050153	2011-04-20 21:59:42	80167559	12.9	45	909.1	2.5	4.6	79	1.27
1050152	2011-04-20 22:01:42	80167561	12.9	45	909.1	2.5	5.1	83	1.27
1050154	2011-04-20 22:03:42	80167563	12.9	45	909.1	2.2	4.3	84	1.27
1050155	2011-04-20 22:05:42	80167565	12.9	45	909.1	2.7	4.8	82	1.27
1050156	2011-04-20 22:07:42	80167567	13	45	909.1	2.9	4.6	88	1.36
1050158	2011-04-20 22:09:42	80167569	13	44	909.1	1.9	4.6	88	1.05
1050157	2011-04-20 22:11:42	80167571	13	45	909.2	1.9	3.7	83	1.36
1050159	2011-04-20 22:13:42	80167573	13	45	909.2	2.2	3.9	84	1.36
1050160	2011-04-20 22:15:42	80167575	13	45	909.2	1.6	3.1	79	1.36
1050161	2011-04-20 22:17:42	80167577	12.9	45	909.2	2	3.5	82	1.27
1050163	2011-04-20 22:19:42	80167579	12.9	45	909.2	1.6	3.7	89	1.27
1050162	2011-04-20 22:21:42	80167581	13	45	909.2	2.2	3.8	80	1.36
1050164	2011-04-20 22:23:42	80167583	13	45	909.2	1.8	3.6	94	1.36
1050165	2011-04-20 22:25:42	80167585	13	45	909.2	2.2	4	86	1.36
1050166	2011-04-20 22:27:42	80167587	13	45	909.2	2.7	5	91	1.36
1050168	2011-04-20 22:29:42	80167589	13.1	44	909.2	2.4	4.1	85	1.14
1050167	2011-04-20 22:31:42	80167591	13.1	44	909.2	2.4	4.3	89	1.14
1050169	2011-04-20 22:33:42	80167593	13.1	44	909.2	1.4	3.2	93	1.14
1050170	2011-04-20 22:35:42	80167595	13.1	44	909.3	1.8	3.3	88	1.14
1050171	2011-04-20 22:37:42	80167597	13	44	909.2	1.9	3.4	78	1.05
1050173	2011-04-20 22:39:42	80167599	13.1	44	909.3	2.3	4.5	83	1.14
1050172	2011-04-20 22:41:42	80167601	13.1	44	909.3	1.6	3.8	77	1.14
1050174	2011-04-20 22:43:42	80167603	13.1	44	909.3	1.7	3.3	76	1.14
1050175	2011-04-20 22:45:42	80167605	13	44	909.3	1.6	2.9	75	1.05
1050176	2011-04-20 22:47:42	80167607	13	44	909.3	1.4	2.1	75	1.05
1050177	2011-04-20 22:49:42	80167609	13.1	44	909.2	2	3.4	75	1.14
1050179	2011-04-20 22:51:42	80167611	13.1	44	909.2	1.4	2.5	74	1.14
1050178	2011-04-20 22:53:42	80167613	13.1	44	909.2	2.4	3.8	74	1.14
1050180	2011-04-20 22:55:42	80167615	13.1	44	909.2	1.7	3.1	74	1.14
1050181	2011-04-20 22:57:42	80167617	13.1	44	909.2	2.5	3.4	74	1.14
1050182	2011-04-20 22:59:42	80167619	13.1	44	909.3	1.9	3.4	79	1.14
1050184	2011-04-20 23:01:42	80167621	13.1	44	909.2	1.8	4.2	80	1.14
1050183	2011-04-20 23:03:42	80167623	13.1	44	909.2	2.3	3.9	74	1.14
1050185	2011-04-20 23:05:42	80167625	13.1	44	909.2	2.2	4.6	77	1.14
1050186	2011-04-20 23:07:42	80167627	13.1	44	909.3	2.9	4.9	79	1.14
1050187	2011-04-20 23:09:42	80167629	13.1	44	909.3	2.2	3.6	78	1.14
1050189	2011-04-20 23:11:42	80167631	13.1	44	909.2	2	4	75	1.14
1050188	2011-04-20 23:13:42	80167633	13.1	44	909.2	2.5	5.5	76	1.14
1050190	2011-04-20 23:15:42	80167635	13.1	44	909.2	2.2	3.4	75	1.14
1050191	2011-04-20 23:17:42	80167637	13.1	44	909.3	1.7	3	77	1.14
1050192	2011-04-20 23:19:42	80167639	13.1	44	909.3	2	3.2	75	1.14
1050194	2011-04-20 23:21:42	80167641	13	44	909.3	0.9	2.8	88	1.05
1050193	2011-04-20 23:23:42	80167643	13	45	909.3	2	3.9	78	1.36
1050195	2011-04-20 23:25:42	80167645	13	45	909.3	1.8	2.8	74	1.36
1050196	2011-04-20 23:27:42	80167647	13	45	909.3	1.6	2.8	78	1.36
1050197	2011-04-20 23:29:42	80167649	12.9	45	909.3	1.7	3.2	76	1.27
1050199	2011-04-20 23:31:42	80167651	12.9	45	909.2	1.7	2.3	74	1.27
1050198	2011-04-20 23:33:42	80167653	12.9	45	909.3	2	3	73	1.27
1050200	2011-04-20 23:35:42	80167655	12.9	45	909.3	1.6	3.1	79	1.27
1050201	2011-04-20 23:37:42	80167657	12.9	45	909.3	1.8	3	79	1.27
1050202	2011-04-20 23:39:42	80167659	13	45	909.3	2.3	3.9	77	1.36
1050204	2011-04-20 23:41:42	80167661	13	45	909.4	1.3	2.6	76	1.36
1050203	2011-04-20 23:43:42	80167663	12.9	45	909.4	1.5	2.2	72	1.27
1050205	2011-04-20 23:45:42	80167665	12.8	45	909.4	1.1	1.9	77	1.18
1050206	2011-04-20 23:47:42	80167667	12.9	45	909.4	1.8	3	72	1.27
1050207	2011-04-20 23:49:42	80167669	12.9	45	909.4	1.4	2.1	84	1.27
1050209	2011-04-20 23:51:42	80167671	12.9	45	909.4	1.7	3.1	76	1.27
1050208	2011-04-20 23:53:42	80167673	12.9	45	909.4	1.3	2	81	1.27
1050210	2011-04-20 23:55:42	80167675	12.9	45	909.4	1.6	3	85	1.27
1050211	2011-04-20 23:57:42	80167677	12.8	45	909.4	0.9	1.9	98	1.18
1050212	2011-04-20 23:59:42	80167679	12.8	45	909.4	1.1	1.7	76	1.18
1050214	2011-04-21 00:01:42	80167681	12.8	45	909.4	1.5	2.8	78	1.18
1050213	2011-04-21 00:03:42	80167683	12.7	45	909.5	1.3	2.4	94	1.09
1050215	2011-04-21 00:05:42	80167685	12.8	45	909.5	1.3	2.2	74	1.18
1050216	2011-04-21 00:07:42	80167687	12.8	45	909.5	1.4	2	74	1.18
1050217	2011-04-21 00:09:42	80167689	12.8	45	909.5	1.3	2.2	74	1.18
1050219	2011-04-21 00:11:42	80167691	12.8	45	909.5	1.3	2.6	75	1.18
1050218	2011-04-21 00:13:42	80167693	12.8	45	909.5	1.2	1.9	74	1.18
1050220	2011-04-21 00:15:42	80167695	12.8	45	909.4	1.1	2.5	80	1.18
1050221	2011-04-21 00:17:42	80167697	12.8	45	909.3	1.7	3.3	73	1.18
1050222	2011-04-21 00:19:42	80167699	12.8	45	909.3	1.9	3.1	73	1.18
1050223	2011-04-21 00:21:42	80167701	12.9	45	909.3	2.3	3.8	74	1.27
1050225	2011-04-21 00:23:42	80167703	12.9	45	909.3	2	3.3	75	1.27
1050224	2011-04-21 00:25:42	80167705	12.9	45	909.3	2.1	3.7	76	1.27
1050226	2011-04-21 00:27:42	80167707	12.8	45	909.3	1.8	3	76	1.18
1050227	2011-04-21 00:29:42	80167709	12.7	46	909.3	1.7	3.1	76	1.39
1050228	2011-04-21 00:31:42	80167711	12.8	46	909.3	2	3	78	1.48
1050230	2011-04-21 00:33:42	80167713	12.8	45	909.3	2.1	2.8	76	1.18
1050229	2011-04-21 00:35:42	80167715	12.8	45	909.3	1.4	2.6	80	1.18
1050231	2011-04-21 00:37:42	80167717	12.7	46	909.3	1.3	2.3	78	1.39
1050232	2011-04-21 00:39:42	80167719	12.7	46	909.3	1.9	3.2	76	1.39
1050233	2011-04-21 00:41:42	80167721	12.6	46	909.3	2.1	3.2	76	1.3
1050235	2011-04-21 00:43:42	80167723	12.7	46	909.3	2.3	3.5	75	1.39
1050234	2011-04-21 00:45:42	80167725	12.7	46	909.3	2.3	3.1	73	1.39
1050236	2011-04-21 00:47:42	80167727	12.8	46	909.3	1.9	2.7	74	1.48
1050237	2011-04-21 00:49:42	80167729	12.7	46	909.2	1.7	2.7	72	1.39
1050238	2011-04-21 00:51:42	80167731	12.7	46	909.2	1.9	2.9	73	1.39
1050240	2011-04-21 00:53:42	80167733	12.7	46	909.2	1.8	2.4	73	1.39
1050239	2011-04-21 00:55:42	80167735	12.7	46	909.3	1.5	1.9	74	1.39
1050241	2011-04-21 00:57:42	80167737	12.7	46	909.2	2	2.8	73	1.39
1050242	2011-04-21 00:59:42	80167739	12.7	46	909.2	1.8	2.8	77	1.39
1050243	2011-04-21 01:01:42	80167741	12.7	46	909.3	1.7	2.4	73	1.39
1050245	2011-04-21 01:03:42	80167743	12.7	46	909.3	1.2	1.7	73	1.39
1050244	2011-04-21 01:05:42	80167745	12.7	46	909.3	1.2	1.5	72	1.39
1050246	2011-04-21 01:07:42	80167747	12.7	46	909.2	1.3	1.7	75	1.39
1050247	2011-04-21 01:09:42	80167749	12.7	46	909.2	1.2	1.8	77	1.39
1050248	2011-04-21 01:11:42	80167751	12.6	46	909.2	1.2	2.4	78	1.3
1050250	2011-04-21 01:13:42	80167753	12.6	46	909.2	1.8	2.3	75	1.3
1050249	2011-04-21 01:15:42	80167755	12.6	46	909.2	1.4	2.1	77	1.3
1050251	2011-04-21 01:17:42	80167757	12.5	46	909.2	0.7	1.6	79	1.21
1050252	2011-04-21 01:19:42	80167759	12.5	46	909.2	1.3	1.9	76	1.21
1050253	2011-04-21 01:21:42	80167761	12.5	46	909.2	0.5	1.1	80	1.21
1050255	2011-04-21 01:23:42	80167763	12.4	47	909.2	0.3	0.7	96	1.42
1050254	2011-04-21 01:25:42	80167765	12.2	47	909.2	0.4	1.5	72	1.24
1050256	2011-04-21 01:27:42	80167767	12.1	47	909.2	0.3	0.7	91	1.14
1050257	2011-04-21 01:29:42	80167769	11.9	48	909.2	0.4	1.1	89	1.25
1050258	2011-04-21 01:31:42	80167771	11.8	48	909.2	0.5	1.7	94	1.16
1050260	2011-04-21 01:33:42	80167773	11.8	48	909.2	0.6	1.3	85	1.16
1050259	2011-04-21 01:35:42	80167775	11.8	48	909.1	0.6	1.5	76	1.16
1050261	2011-04-21 01:37:42	80167777	11.8	48	909.1	0.3	1.3	91	1.16
1050262	2011-04-21 01:39:42	80167779	11.7	48	909.1	0.3	1.1	86	1.07
1050263	2011-04-21 01:41:42	80167781	11.7	48	909.1	0.7	2	81	1.07
1050265	2011-04-21 01:43:42	80167783	11.6	48	909.1	0.6	1.8	81	0.98
1050264	2011-04-21 01:45:42	80167785	11.5	48	909.1	0.7	2	96	0.89
1050266	2011-04-21 01:47:42	80167787	11.5	48	909.1	0.6	2.1	103	0.89
1050267	2011-04-21 01:49:42	80167789	11.4	48	909.1	1.2	2.2	77	0.79
1050268	2011-04-21 01:51:42	80167791	11.5	48	909.1	2	2.5	77	0.89
1050270	2011-04-21 01:53:42	80167793	11.6	48	909	1.9	2.4	79	0.98
1050269	2011-04-21 01:55:42	80167795	11.6	48	909	1.7	2.9	78	0.98
1050271	2011-04-21 01:57:42	80167797	11.6	48	909	1.4	2.4	79	0.98
1050272	2011-04-21 01:59:42	80167799	11.6	48	909.1	0.9	1.8	78	0.98
1050273	2011-04-21 02:01:42	80167801	11.5	48	909.1	1.4	2.4	77	0.89
1050275	2011-04-21 02:03:42	80167803	11.6	47	909.1	1.8	3.3	75	0.69
1050274	2011-04-21 02:05:42	80167805	11.6	47	909.1	1.5	2.6	79	0.69
1050276	2011-04-21 02:07:42	80167807	11.5	47	909.1	1.3	2.3	76	0.6
1050277	2011-04-21 02:09:42	80167809	11.5	47	909.1	1	2.2	78	0.6
1050278	2011-04-21 02:11:42	80167811	11.5	47	909.1	1.8	2.4	78	0.6
1050279	2011-04-21 02:13:42	80167813	11.5	47	909.1	2.1	2.9	76	0.6
1050281	2011-04-21 02:15:42	80167815	11.5	46	909.1	2.1	3.4	76	0.3
1050280	2011-04-21 02:17:42	80167817	11.5	46	909.1	2	3.1	76	0.3
1050282	2011-04-21 02:19:42	80167819	11.5	46	909.1	1.8	2.8	75	0.3
1050283	2011-04-21 02:21:42	80167821	11.4	46	909.1	1.5	2.3	78	0.21
1050284	2011-04-21 02:23:42	80167823	11.4	46	909.2	1.1	2	78	0.21
1050286	2011-04-21 02:25:42	80167825	11.4	45	909.2	0.9	2.1	78	-0.09
1050285	2011-04-21 02:27:42	80167827	11.3	45	909.2	0.8	2.1	75	-0.19
1050287	2011-04-21 02:29:42	80167829	11.3	45	909.2	0.7	1.7	79	-0.19
1050288	2011-04-21 02:31:42	80167831	11.3	46	909.2	0.7	1.5	78	0.12
1050289	2011-04-21 02:33:42	80167833	11.2	46	909.2	0.3	1.1	84	0.02
1050291	2011-04-21 02:35:42	80167835	11.2	45	909.2	0.5	1.2	114	-0.28
1050290	2011-04-21 02:37:42	80167837	11.1	45	909.2	0.5	1.1	93	-0.37
1050292	2011-04-21 02:39:42	80167839	11	44	909.3	0.7	1.5	96	-0.77
1050293	2011-04-21 02:41:42	80167841	11	44	909.3	1	1.8	74	-0.77
1050294	2011-04-21 02:43:42	80167843	10.9	44	909.3	0.4	0.9	84	-0.86
1050296	2011-04-21 02:45:42	80167845	10.9	44	909.3	0.5	1.1	101	-0.86
1050295	2011-04-21 02:47:42	80167847	10.8	44	909.3	0.7	1.4	106	-0.95
1050297	2011-04-21 02:49:42	80167849	10.8	44	909.3	0.5	1.6	93	-0.95
1050298	2011-04-21 02:51:42	80167851	10.7	43	909.4	0.8	2.3	104	-1.35
1050299	2011-04-21 02:53:42	80167853	10.7	42	909.4	1.2	2.5	88	-1.67
1050301	2011-04-21 02:55:42	80167855	10.8	42	909.4	0.7	2	97	-1.58
1050300	2011-04-21 02:57:42	80167857	10.8	41	909.4	1.2	2.8	86	-1.91
1050302	2011-04-21 02:59:42	80167859	10.7	41	909.4	1.2	4.1	101	-2
1050303	2011-04-21 03:01:42	80167861	10.7	41	909.4	0.8	1.8	96	-2
1050304	2011-04-21 03:03:42	80167863	10.6	41	909.4	0.7	1.4	111	-2.09
1050306	2011-04-21 03:05:42	80167865	10.6	40	909.4	1.2	3.9	92	-2.42
1050305	2011-04-21 03:07:42	80167867	10.6	40	909.4	1.3	3.2	90	-2.42
1050307	2011-04-21 03:09:42	80167869	10.7	40	909.3	1	2.3	108	-2.33
1050308	2011-04-21 03:11:42	80167871	10.6	39	909.4	0.8	1.8	99	-2.76
1050309	2011-04-21 03:13:42	80167873	10.6	39	909.4	1.1	3	96	-2.76
1050311	2011-04-21 03:15:42	80167875	10.6	40	909.4	0.8	2.1	92	-2.42
1050310	2011-04-21 03:17:42	80167877	10.5	40	909.4	0.7	1.8	103	-2.51
1050312	2011-04-21 03:19:42	80167879	10.4	39	909.4	1	2.5	95	-2.94
1050313	2011-04-21 03:21:42	80167881	10.5	40	909.4	0.8	1.7	89	-2.51
1050314	2011-04-21 03:23:42	80167883	10.4	40	909.4	0.7	1.6	99	-2.6
1050316	2011-04-21 03:25:42	80167885	10.4	40	909.4	0.8	1.8	85	-2.6
1050315	2011-04-21 03:27:42	80167887	10.3	40	909.4	0.7	1.7	107	-2.69
1050317	2011-04-21 03:29:42	80167889	10.3	40	909.5	0.6	1.3	105	-2.69
1050318	2011-04-21 03:31:42	80167891	10.3	40	909.5	0.7	1.5	94	-2.69
1050319	2011-04-21 03:33:42	80167893	10.2	40	909.5	0.7	1.8	99	-2.78
1050321	2011-04-21 03:35:42	80167895	10.2	40	909.5	0.5	1.3	100	-2.78
1050320	2011-04-21 03:37:42	80167897	10.2	40	909.5	0.7	1.4	99	-2.78
1050322	2011-04-21 03:39:42	80167899	10.2	39	909.5	0.7	1.5	102	-3.12
1050323	2011-04-21 03:41:42	80167901	10.2	39	909.5	1	1.6	105	-3.12
1050324	2011-04-21 03:43:42	80167903	10.2	39	909.5	0.7	2	97	-3.12
1050326	2011-04-21 03:45:42	80167905	10.2	39	909.5	0.8	1.7	99	-3.12
1050325	2011-04-21 03:47:42	80167907	10.2	39	909.5	0.9	2.5	95	-3.12
1050327	2011-04-21 03:49:42	80167909	10.2	39	909.5	0.9	3.1	110	-3.12
1050328	2011-04-21 03:51:42	80167911	10.2	38	909.5	1.4	2.9	89	-3.46
1050329	2011-04-21 03:53:42	80167913	10.3	38	909.5	0.9	2.6	91	-3.38
1050331	2011-04-21 03:55:42	80167915	10.2	38	909.5	0.9	1.7	105	-3.46
1050330	2011-04-21 03:57:42	80167917	10.2	38	909.5	1.2	2.7	100	-3.46
1050332	2011-04-21 03:59:42	80167919	10.2	38	909.5	0.9	2.3	92	-3.46
1050333	2011-04-21 04:01:42	80167921	10.2	38	909.5	1.2	3.4	99	-3.46
1050334	2011-04-21 04:03:42	80167923	10.3	38	909.4	1.2	2.7	91	-3.38
1050335	2011-04-21 04:05:42	80167925	10.3	38	909.4	1.1	3.4	104	-3.38
1050337	2011-04-21 04:07:42	80167927	10.3	37	909.4	1.3	2.7	101	-3.73
1050336	2011-04-21 04:09:42	80167929	10.3	37	909.3	1.2	3	98	-3.73
1050338	2011-04-21 04:11:42	80167931	10.3	37	909.3	1.2	2.6	92	-3.73
1050339	2011-04-21 04:13:42	80167933	10.2	37	909.3	1.4	3.6	96	-3.82
1050340	2011-04-21 04:15:42	80167935	10.2	37	909.3	1.4	3.6	87	-3.82
1050342	2011-04-21 04:17:42	80167937	10.2	37	909.3	1.4	3.6	97	-3.82
1050341	2011-04-21 04:19:42	80167939	10.2	37	909.3	0.9	2.2	96	-3.82
1050343	2011-04-21 04:21:42	80167941	10.1	38	909.3	1	2.3	88	-3.55
1050344	2011-04-21 04:23:42	80167943	10.1	38	909.2	1.1	2.6	84	-3.55
1050345	2011-04-21 04:25:42	80167945	10.1	37	909.2	1.5	3.8	100	-3.91
1050347	2011-04-21 04:27:42	80167947	10.1	37	909.2	1.4	2.5	96	-3.91
1050346	2011-04-21 04:29:42	80167949	10.1	37	909.2	0.8	1.9	101	-3.91
1050348	2011-04-21 04:31:42	80167951	10	37	909.1	1.1	3.1	95	-4
1050349	2011-04-21 04:33:42	80167953	10.1	37	909.1	1	3	106	-3.91
1050350	2011-04-21 04:35:42	80167955	10	37	909.1	1.3	3.8	99	-4
1050352	2011-04-21 04:37:42	80167957	10	38	909.1	1	2.5	92	-3.64
1050351	2011-04-21 04:39:42	80167959	9.9	38	909.1	0.9	1.8	108	-3.73
1050353	2011-04-21 04:41:42	80167961	9.9	38	909.1	1.4	3.3	84	-3.73
1050354	2011-04-21 04:43:42	80167963	9.9	38	909.2	1	2.1	89	-3.73
1050355	2011-04-21 04:45:42	80167965	9.8	38	909.2	0.8	1.8	90	-3.82
1050357	2011-04-21 04:47:42	80167967	9.8	38	909.2	0.9	2.7	90	-3.82
1050356	2011-04-21 04:49:42	80167969	9.8	38	909.2	0.5	1.1	115	-3.82
1050358	2011-04-21 04:51:42	80167971	9.8	38	909.2	0.7	1.5	93	-3.82
1050359	2011-04-21 04:53:42	80167973	9.7	38	909.2	0.8	1.7	91	-3.91
1050360	2011-04-21 04:55:42	80167975	9.7	38	909.2	1	2	88	-3.91
1050362	2011-04-21 04:57:42	80167977	9.7	38	909.2	0.9	2.1	84	-3.91
1050361	2011-04-21 04:59:42	80167979	9.6	38	909.3	0.8	1.7	113	-4
1050363	2011-04-21 05:01:42	80167981	9.6	38	909.3	0.9	2.2	101	-4
1050364	2011-04-21 05:03:42	80167983	9.6	38	909.3	0.9	1.4	102	-4
1050365	2011-04-21 05:05:42	80167985	9.6	38	909.3	0.7	1.8	94	-4
1050367	2011-04-21 05:07:42	80167987	9.6	38	909.3	0.7	1.9	99	-4
1050366	2011-04-21 05:09:42	80167989	9.6	38	909.3	1	2.3	98	-4
1050368	2011-04-21 05:11:42	80167991	9.6	38	909.4	0.7	2.4	91	-4
1050369	2011-04-21 05:13:42	80167993	9.6	38	909.4	0.8	2.1	100	-4
1050370	2011-04-21 05:15:42	80167995	9.6	38	909.4	0.9	2.2	77	-4
1050372	2011-04-21 05:17:42	80167997	9.7	38	909.4	1.1	2.2	76	-3.91
1050371	2011-04-21 05:19:42	80167999	9.7	38	909.4	0.5	0.9	86	-3.91
1050373	2011-04-21 05:21:42	80168001	9.6	38	909.4	1	2.1	85	-4
1050374	2011-04-21 05:23:42	80168003	9.7	37	909.5	0.9	2.1	82	-4.26
1050375	2011-04-21 05:25:42	80168005	9.7	38	909.5	1.1	3.6	88	-3.91
1050377	2011-04-21 05:27:42	80168007	9.7	38	909.5	0.9	2.2	92	-3.91
1050376	2011-04-21 05:29:42	80168009	9.7	38	909.5	1.4	2.9	87	-3.91
1050378	2011-04-21 05:31:42	80168011	9.7	37	909.5	1.1	2.2	96	-4.26
1050379	2011-04-21 05:33:42	80168013	9.7	38	909.5	0.6	1.1	111	-3.91
1050380	2011-04-21 05:35:42	80168015	9.6	38	909.6	0.6	1.4	102	-4
1050382	2011-04-21 05:37:42	80168017	9.6	37	909.6	1.3	2.8	83	-4.35
1050381	2011-04-21 05:39:42	80168019	9.6	38	909.6	0.7	1.3	91	-4
1050383	2011-04-21 05:41:42	80168021	9.6	38	909.6	0.6	1.3	81	-4
1050384	2011-04-21 05:43:42	80168023	9.7	37	909.6	1	1.8	77	-4.26
1050385	2011-04-21 05:45:42	80168025	9.6	37	909.6	1	1.6	77	-4.35
1050386	2011-04-21 05:47:42	80168027	9.6	38	909.7	0.7	1.7	77	-4
1050388	2011-04-21 05:49:42	80168029	9.6	38	909.7	0.6	1.4	81	-4
1050387	2011-04-21 05:51:42	80168031	9.6	38	909.8	0.6	1.3	90	-4
1050389	2011-04-21 05:53:42	80168033	9.6	38	909.8	0.5	1	86	-4
1050390	2011-04-21 05:55:42	80168035	9.6	38	909.8	0.5	1	91	-4
1050391	2011-04-21 05:57:42	80168037	9.6	38	909.8	0.3	0.9	74	-4
1050393	2011-04-21 05:59:42	80168039	9.5	38	909.8	0.4	1.2	115	-4.09
1050392	2011-04-21 06:01:42	80168041	9.5	38	909.9	0.7	1.2	104	-4.09
1050394	2011-04-21 06:03:42	80168043	9.5	38	909.9	0.7	1.8	98	-4.09
1050395	2011-04-21 06:05:42	80168045	9.5	38	910	0.6	2.1	97	-4.09
1050396	2011-04-21 06:07:42	80168047	9.5	38	910	0.7	1.5	79	-4.09
1050398	2011-04-21 06:09:42	80168049	9.5	38	910	0.7	1.5	96	-4.09
1050397	2011-04-21 06:11:42	80168051	9.5	38	910	0.7	1.6	89	-4.09
1050399	2011-04-21 06:13:42	80168053	9.5	38	910	0.6	1.1	98	-4.09
1050400	2011-04-21 06:15:42	80168055	9.5	38	910.1	0.6	1.3	112	-4.09
1050401	2011-04-21 06:17:42	80168057	9.4	38	910.1	0.5	1.9	108	-4.18
1050403	2011-04-21 06:19:42	80168059	9.5	38	910.1	0.9	2.1	103	-4.09
1050402	2011-04-21 06:21:42	80168061	9.5	38	910.1	0.9	2.1	104	-4.09
1050404	2011-04-21 06:23:42	80168063	9.4	38	910.2	1	2.3	91	-4.18
1050405	2011-04-21 06:25:42	80168065	9.4	38	910.2	0.9	2.4	106	-4.18
1050406	2011-04-21 06:27:42	80168067	9.4	38	910.2	0.9	1.9	102	-4.18
1050408	2011-04-21 06:29:42	80168069	9.4	38	910.2	0.8	1.7	92	-4.18
1050407	2011-04-21 06:31:42	80168071	9.4	38	910.2	1	3.2	83	-4.18
1050409	2011-04-21 06:33:42	80168073	9.4	38	910.2	0.9	2.2	104	-4.18
1050410	2011-04-21 06:35:42	80168075	9.4	38	910.2	1.1	2.7	98	-4.18
1050411	2011-04-21 06:37:42	80168077	9.4	38	910.3	1.2	2.6	93	-4.18
1050413	2011-04-21 06:39:42	80168079	9.4	38	910.3	1.1	2.1	78	-4.18
1050412	2011-04-21 06:41:42	80168081	9.4	38	910.3	1.2	3.4	89	-4.18
1050414	2011-04-21 06:43:42	80168083	9.4	38	910.4	1.2	3.8	79	-4.18
1050415	2011-04-21 06:45:42	80168085	9.4	38	910.4	1.3	3.7	80	-4.18
1050416	2011-04-21 06:47:42	80168087	9.4	38	910.5	1.2	3.3	88	-4.18
1050418	2011-04-21 06:49:42	80168089	9.4	38	910.5	1.1	2.4	85	-4.18
1050417	2011-04-21 06:51:42	80168091	9.4	39	910.5	0.8	1.8	77	-3.83
1050419	2011-04-21 06:53:42	80168093	9.3	39	910.5	0.7	1.8	87	-3.92
1050420	2011-04-21 06:55:42	80168095	9.3	39	910.5	0.6	1.2	103	-3.92
1050421	2011-04-21 06:57:42	80168097	9.3	40	910.6	1	2.2	85	-3.59
1050423	2011-04-21 06:59:42	80168099	9.2	40	910.6	0.7	1.5	100	-3.68
1050422	2011-04-21 07:01:42	80168101	9.2	41	910.6	0.9	2.4	94	-3.35
1050424	2011-04-21 07:03:42	80168103	9.1	41	910.6	0.9	2.5	95	-3.44
1050425	2011-04-21 07:05:42	80168105	9.1	42	910.5	1	3.2	94	-3.12
1050426	2011-04-21 07:07:42	80168107	9	42	910.5	1.1	2.7	100	-3.21
1050428	2011-04-21 07:09:42	80168109	9	42	910.5	0.9	1.6	108	-3.21
1050427	2011-04-21 07:11:42	80168111	9	41	910.5	1.2	3.1	107	-3.53
1050429	2011-04-21 07:13:42	80168113	9	42	910.6	1	2.3	100	-3.21
1050430	2011-04-21 07:15:42	80168115	9	43	910.6	1.1	2.3	100	-2.89
1050431	2011-04-21 07:17:42	80168117	8.9	44	910.6	1.6	3.3	102	-2.67
1050433	2011-04-21 07:19:42	80168119	8.8	47	910.6	1.3	3.1	99	-1.87
1050432	2011-04-21 07:21:42	80168121	8.6	49	910.6	1.7	3.4	103	-1.49
1050434	2011-04-21 07:23:42	80168123	8.4	49	910.6	1.5	3.8	95	-1.68
1050435	2011-04-21 07:25:42	80168125	8.3	50	910.7	1.2	2.6	100	-1.5
1050436	2011-04-21 07:27:42	80168127	8.2	50	910.7	1.3	2.7	95	-1.59
1050437	2011-04-21 07:29:42	80168129	8.2	50	910.7	1.3	4.3	87	-1.59
1050439	2011-04-21 07:31:42	80168131	8.1	52	910.7	1.7	3.9	94	-1.15
1050438	2011-04-21 07:33:42	80168133	8	53	910.7	1.7	3.7	88	-0.98
1050440	2011-04-21 07:35:42	80168135	7.8	55	910.8	1.1	2.1	80	-0.66
1050441	2011-04-21 07:37:42	80168137	7.8	53	910.8	2.5	3.9	77	-1.17
1050442	2011-04-21 07:39:42	80168139	7.8	54	910.8	1.5	3.4	93	-0.91
1050444	2011-04-21 07:41:42	80168141	7.8	55	910.9	1.3	2.6	108	-0.66
1050443	2011-04-21 07:43:42	80168143	7.7	57	911	1.4	2.8	84	-0.27
1050445	2011-04-21 07:45:42	80168145	7.6	58	911	1.5	3.3	85	-0.12
1050446	2011-04-21 07:47:42	80168147	7.4	58	911.1	1.8	3.3	91	-0.31
1050447	2011-04-21 07:49:42	80168149	7.4	58	911.1	1.7	3.3	81	-0.31
1050449	2011-04-21 07:51:42	80168151	7.3	59	911.2	1.9	4.2	75	-0.17
1050448	2011-04-21 07:53:42	80168153	7.3	58	911.2	2.2	5.2	80	-0.4
1050450	2011-04-21 07:55:42	80168155	7.3	56	911.1	3.2	6.5	77	-0.88
1050451	2011-04-21 07:57:42	80168157	7.4	56	911.2	2.8	5.3	81	-0.79
1050452	2011-04-21 07:59:42	80168159	7.5	56	911.3	2.4	6.4	98	-0.7
1050454	2011-04-21 08:01:42	80168161	7.6	54	911.3	2.5	5.6	88	-1.1
1050453	2011-04-21 08:03:42	80168163	7.6	54	911.3	2	4.1	85	-1.1
1050455	2011-04-21 08:05:42	80168165	7.6	54	911.3	2	4.2	94	-1.1
1050456	2011-04-21 08:07:42	80168167	7.7	54	911.4	1.7	3.7	97	-1
1050457	2011-04-21 08:09:42	80168169	7.7	55	911.4	1.4	3	84	-0.75
1050459	2011-04-21 08:11:42	80168171	7.6	55	911.5	1.5	2.7	84	-0.85
1050458	2011-04-21 08:13:42	80168173	7.6	53	911.5	1.7	3.6	82	-1.35
1050460	2011-04-21 08:15:42	80168175	7.6	53	911.5	1.3	2.5	103	-1.35
1050461	2011-04-21 08:17:42	80168177	7.7	53	911.5	2.2	5.3	83	-1.26
1050462	2011-04-21 08:19:42	80168179	7.7	53	911.6	1.2	2.9	93	-1.26
1050464	2011-04-21 08:21:42	80168181	7.7	53	911.6	1.2	4.1	93	-1.26
1050463	2011-04-21 08:23:42	80168183	7.7	53	911.5	1.7	4.6	102	-1.26
1050465	2011-04-21 08:25:42	80168185	7.8	53	911.6	1.4	4.7	103	-1.17
1050466	2011-04-21 08:27:42	80168187	7.8	53	911.6	1.6	3.4	89	-1.17
1050467	2011-04-21 08:29:42	80168189	7.8	54	911.6	1.6	3.8	90	-0.91
1050469	2011-04-21 08:31:42	80168191	7.8	54	911.6	1.5	4.5	97	-0.91
1050468	2011-04-21 08:33:42	80168193	7.8	55	911.6	1.7	4.4	96	-0.66
1050470	2011-04-21 08:35:42	80168195	7.8	54	911.6	1.2	2.6	103	-0.91
1050471	2011-04-21 08:37:42	80168197	7.8	54	911.6	1.7	4.2	104	-0.91
1050472	2011-04-21 08:39:42	80168199	7.8	54	911.5	1.4	3	96	-0.91
1050474	2011-04-21 08:41:42	80168201	7.9	54	911.5	2	5.1	101	-0.82
1050473	2011-04-21 08:43:42	80168203	7.9	54	911.5	1.7	5.2	98	-0.82
1050475	2011-04-21 08:45:42	80168205	7.9	54	911.6	1.7	3.6	98	-0.82
1050476	2011-04-21 08:47:42	80168207	7.9	54	911.5	1.7	6.1	93	-0.82
1050477	2011-04-21 08:49:42	80168209	7.9	54	911.6	2.4	4.7	96	-0.82
1050479	2011-04-21 08:51:42	80168211	7.9	54	911.6	1.9	4.3	93	-0.82
1050478	2011-04-21 08:53:42	80168213	7.9	54	911.6	1.8	3.9	91	-0.82
1050480	2011-04-21 08:55:42	80168215	7.8	54	911.5	2.2	4.8	104	-0.91
1050481	2011-04-21 08:57:42	80168217	7.8	54	911.5	2.2	4.9	94	-0.91
1050482	2011-04-21 08:59:42	80168219	7.8	55	911.5	2.3	5.8	88	-0.66
1050484	2011-04-21 09:01:42	80168221	7.8	55	911.6	1.4	3.3	97	-0.66
1050483	2011-04-21 09:03:42	80168223	7.7	55	911.6	1.9	4.9	103	-0.75
1050485	2011-04-21 09:05:42	80168225	7.7	56	911.7	1.3	2.9	105	-0.51
1050486	2011-04-21 09:07:42	80168227	7.6	55	911.7	2.2	4.8	91	-0.85
1050487	2011-04-21 09:09:42	80168229	7.6	56	911.7	2	4.2	103	-0.6
1050488	2011-04-21 09:11:42	80168231	7.6	56	911.7	1.9	3.4	98	-0.6
1050490	2011-04-21 09:13:42	80168233	7.5	56	911.8	1.7	4.3	95	-0.7
1050489	2011-04-21 09:15:42	80168235	7.5	56	911.9	1.7	3.6	95	-0.7
1050491	2011-04-21 09:17:42	80168237	7.5	56	911.9	1.2	3.5	91	-0.7
1050492	2011-04-21 09:19:42	80168239	7.5	56	912	1.6	4.3	87	-0.7
1050493	2011-04-21 09:21:42	80168241	7.4	57	912	1.9	4.8	96	-0.55
1050495	2011-04-21 09:23:42	80168243	7.4	57	912	2.2	7	98	-0.55
1050494	2011-04-21 09:25:42	80168245	7.4	57	912.1	1.2	2.7	112	-0.55
1050496	2011-04-21 09:27:42	80168247	7.4	57	912.1	1.5	3.6	95	-0.55
1050497	2011-04-21 09:29:42	80168249	7.4	58	912.1	1.3	2.8	102	-0.31
1050498	2011-04-21 09:31:42	80168251	7.4	58	912.2	1.3	3.4	91	-0.31
1050500	2011-04-21 09:33:42	80168253	7.3	59	912.2	1.7	3.5	91	-0.17
1050499	2011-04-21 09:35:42	80168255	7.2	60	912.2	1.7	3.9	79	-0.03
1050501	2011-04-21 09:37:42	80168257	7.1	61	912.2	2.4	3.9	75	0.1
1050502	2011-04-21 09:39:42	80168259	7	62	912.3	1.6	3.9	84	0.23
1050503	2011-04-21 09:41:42	80168261	7	62	912.3	1.5	3.6	86	0.23
1050505	2011-04-21 09:43:42	80168263	6.9	62	912.3	2.1	5	82	0.14
1050504	2011-04-21 09:45:42	80168265	6.9	64	912.3	2.3	5.5	78	0.57
1050506	2011-04-21 09:47:42	80168267	6.7	64	912.4	1.6	3.3	88	0.38
1050507	2011-04-21 09:49:42	80168269	6.7	66	912.4	1.9	4.9	77	0.81
1050508	2011-04-21 09:51:42	80168271	6.5	68	912.4	2.5	5.6	77	1.03
1050510	2011-04-21 09:53:42	80168273	6.3	70	912.4	2.8	5	76	1.24
1050509	2011-04-21 09:55:42	80168275	6.1	73	912.4	2.5	4.7	84	1.63
1050511	2011-04-21 09:57:42	80168277	6	77	912.5	2.2	5.1	79	2.28
1050512	2011-04-21 09:59:42	80168279	5.9	79	912.5	2.5	5.3	77	2.54
1050513	2011-04-21 10:01:42	80168281	5.7	81	912.6	2.2	4.8	85	2.7
1050515	2011-04-21 10:03:42	80168283	5.6	84	912.6	3	5.9	75	3.12
1050514	2011-04-21 10:05:42	80168285	5.5	86	912.6	2.5	4.6	78	3.35
